-49.556988
-32.675034
-50.0
-16.439426
-48.474113
-1.3892279
-45.1514
14.466655
-38.527218
29.18758
-28.29948
39.589073
-15.233665
47.231396
-2.7168301E-8
49.999996
15.233665
47.231396
28.29948
39.589073
38.527218
29.18758
45.1514
14.466655
48.474113
-1.3892279
50.0
-16.439426
49.556988
-32.675034
39.476494
-42.49948
30.622984
-50.0
19.943983
-49.946087
10.061502
-43.992058
20.46723
-44.13653
30.096905
-44.360138
-39.476494
-42.49948
-30.622984
-50.0
-19.943983
-49.946087
-10.061502
-43.992058
-20.46723
-44.13653
-30.096905
-44.360138
-31.424261
-32.52771
-23.197174
-37.00921
-14.434282
-32.387096
-23.142078
-29.69133
-23.047293
-33.620792
31.424261
-32.52771
23.197174
-37.00921
14.434282
-32.387096
23.142078
-29.69133
23.047293
-33.620792
-5.5862365
-33.311848
-7.3298736
-19.301949
-15.23233
-9.896142
-11.749979
-3.561893
-2.7168301E-8
-1.3438959
11.749979
-3.561893
15.23233
-9.896142
7.3298736
-19.301949
5.5862365
-33.311848
-7.8829064
-6.0394173
7.8829064
-6.0394173
-19.391361
14.060569
-11.94343
8.698413
-4.4600782
6.821706
-2.7168301E-8
7.599847
4.4600782
6.821706
11.94343
8.698413
19.391361
14.060569
14.664786
19.798779
7.9168253
22.766258
-2.7168301E-8
23.54507
-7.9168253
22.766258
-14.664786
19.798779
-8.939822
16.191101
-2.7168301E-8
17.39605
8.939822
16.191101
8.908476
12.29423
-2.7168301E-8
12.352399
-8.908476
12.29423
-2.7168301E-8
14.762328
-2.7168301E-8
-10.848783
-27.311356
-34.768124
-18.815866
-34.697895
-18.78858
-31.038769
-27.283918
-31.10913
27.311356
-34.768124
18.815866
-34.697895
18.78858
-31.038769
27.283918
-31.10913
