-0.15331894,0.06816308,0.114707865,1.7867845E-10,0.27283365,-0.009394181,-0.17322579,0.05771296,0.074903846,0.0602323,-0.057066295,0.11142929,-0.03511849,-0.09272234,0.003924332,0.077984884,-0.3047607,0.1151448,0.041053668,-0.033102594,-0.020919733,-0.057518594,-0.11707411
-0.06816308,-0.15331894,-1.7863441E-10,0.114707865,0.03085628,0.13370867,0.0018118815,0.10166677,0.08130085,0.023296239,-0.0033031586,0.0037793254,0.14643848,0.008865208,-0.04603188,0.028983539,0.012355556,-0.0047166618,0.04398059,-0.056557115,-0.07344281,-0.025952969,-0.04721769
-0.15462697,0.017851105,0.114707865,3.418229E-11,0.26788118,-0.05533992,-0.13398287,0.070678756,0.080118045,0.014010377,-0.07446289,0.17808835,-0.0205928,-0.044555254,0.0018290639,0.098236375,-0.11541876,0.083185844,0.08852676,-0.018273626,0.024170361,0.04985303,-0.08574511
-0.017851105,-0.15462697,-3.4170753E-11,0.114707865,0.015359812,0.0775771,-0.013628314,0.07043112,0.08785714,0.03404809,0.06501519,0.075901,0.15768678,0.064534575,-0.14246336,0.12112398,0.056392804,-0.11027033,-0.2431521,0.029595895,0.1352802,0.18749334,-0.13660252
-0.14977261,-0.028739085,0.114707865,-9.8956655E-11,0.27315348,-0.11091065,-0.120906636,0.08959491,0.08659039,-0.025417281,-0.07044009,0.19255413,-0.028675176,-0.044398893,-0.051183786,0.0601091,-0.09832841,-0.0032540937,0.03726193,-0.031231664,0.048684392,0.09280891,-0.08833435
0.028739085,-0.14977261,9.893809E-11,0.114707865,0.0031793064,-0.0016327675,-0.032076307,0.036671128,0.043041367,0.023355916,0.1849239,0.03516884,0.16447008,0.002381224,-0.13581786,0.11294746,0.020186856,-0.16549428,-0.3334813,0.07462301,0.2020892,0.23677787,-0.20971061
-0.13922423,-0.07772564,0.114707865,-2.383438E-10,0.28005666,-0.21658511,-0.064069495,0.1341561,0.041123603,-0.09373273,0.0031090782,0.13727471,-0.015110276,-0.015901105,-0.085155986,-0.052335147,0.04301805,-0.027493685,0.04280905,-0.0188628,-0.003087803,0.10840205,-0.10106614
0.07772564,-0.13922423,2.3829355E-10,0.114707865,0.02303442,-0.082716346,-0.053674947,0.013886156,0.026797054,-0.070783146,0.36193243,-0.03150791,0.09060917,0.029505685,-0.05857147,0.036008757,0.07183122,-0.02744462,-0.09310904,0.014907735,0.023114529,0.035246633,-0.21881948
-0.11890349,-0.12320523,0.114707865,-3.6659234E-10,0.21084328,-0.24913673,-0.039589047,0.1364579,-0.012039771,-0.09246819,0.095891975,0.09099233,-0.081927314,-0.03136245,-0.080394715,-0.17889234,0.18141137,-0.039097987,-0.041405607,-0.024636375,-0.049047846,-0.06468596,0.08103961
0.12320523,-0.11890349,3.6651274E-10,0.114707865,-0.04448202,0.09189312,-0.13013458,-0.05668801,0.07474476,-0.04965114,0.29598546,0.109879196,0.03922777,0.04821307,-0.037427098,0.018012263,0.14929356,-0.049066216,-0.092440575,0.038950957,-0.03876042,-0.24287541,0.095643125
-0.08742074,-0.15538687,0.114707865,-4.5545756E-10,0.10538604,-0.18040222,-0.021281637,0.092702955,-0.021649767,-0.057647146,0.14186816,0.03426206,-0.14161648,-0.07485701,-0.043217015,-0.15932536,0.207575,-0.014707868,-0.0927194,0.02313522,-0.10112971,-0.24788043,0.2811325
0.15538687,-0.08742074,4.5535714E-10,0.114707865,-0.04865716,0.1451126,-0.1843609,-0.07652314,0.043365885,0.004078402,0.16997853,0.17524187,0.05770137,-0.027426584,0.010721118,-0.07256721,0.075047575,-0.012438507,-0.027413867,0.034472298,-0.081584066,-0.16389282,0.12801126
-0.04708405,-0.1791405,0.114707865,-5.1916615E-10,-0.005017099,-0.061621245,-0.018406374,0.025594562,-0.012353816,-0.00866519,0.07517553,-0.030645005,-0.13527691,-0.07088745,-0.005841484,-0.059080977,0.030335167,-0.03207768,-0.10232566,0.050298914,-0.06448818,-0.17396481,0.22883052
0.1791405,-0.04708405,5.190504E-10,0.114707865,-0.025814064,0.09965052,-0.20012808,-0.051334046,-0.06375718,0.059304256,0.07513896,0.19278523,0.034604095,-0.12180514,0.054224562,-0.23008402,-0.006393796,0.028970867,0.06376381,-0.020636499,-0.03796249,0.11547872,0.02440787
-1.1487045E-10,-0.18780914,0.114707865,-5.388506E-10,-0.053036604,1.7660128E-8,1.0691032E-8,-6.7298895E-9,-2.3906583E-9,2.814442E-8,-0.008318375,-7.0848564E-8,-0.11622585,6.5283444E-8,5.897718E-8,5.5414684E-8,6.8894025E-8,-7.3794574E-8,-9.497449E-9,2.130907E-6,-0.06515338,-1.0846208E-7,0.12519929
0.18780914,-1.16585E-10,5.3872923E-10,0.114707865,4.5288133E-9,0.07774952,-0.20165618,-0.03386104,-0.09592483,0.08196712,-4.1465288E-8,0.19560696,-1.6549413E-7,-0.1208244,0.06660331,-0.2821773,-0.020921513,0.016638372,0.10756064,0.00445694,4.4685981E-7,0.24268378,1.920559E-7
0.04708405,-0.1791405,0.114707865,-5.0879184E-10,-0.0050170813,0.061621245,0.018406373,-0.02559458,0.012353842,0.008665269,0.07517546,0.030644976,-0.1352767,0.07088765,0.0058414494,0.059081055,-0.030335093,0.032077666,0.102325715,-0.050294627,-0.06449118,0.1739645,0.22883104
0.1791405,0.04708405,5.086761E-10,0.114707865,0.02581406,0.09965045,-0.2001282,-0.051334,-0.06375718,0.059304267,-0.075139135,0.19278553,-0.03460425,-0.1218052,0.05422464,-0.23008384,-0.006394171,0.028971054,0.063764036,-0.020639127,0.0379616,0.11547946,-0.024407819
0.08742074,-0.15538687,0.114707865,-4.3619552E-10,0.105386004,0.18040189,0.02128167,-0.09270298,0.021649819,0.05764736,0.14186826,-0.034262218,-0.14161626,0.07485721,0.043217,0.15932502,-0.20757434,0.014707728,0.09271958,-0.023128266,-0.10113074,0.24787979,0.28113374
0.15538687,0.08742074,4.360951E-10,0.114707865,0.048657198,0.14511253,-0.1843609,-0.07652307,0.043365937,0.004078202,-0.16997862,0.17524183,-0.057701394,-0.027426818,0.010720917,-0.072567455,0.075047806,-0.012438476,-0.027413901,0.034466624,0.081585996,-0.16389251,-0.12801155
0.11890349,-0.12320523,0.114707865,-3.4039352E-10,0.21084319,0.24913685,0.039588965,-0.13645825,0.012039758,0.09246838,0.09589198,-0.09099206,-0.081927136,0.031362355,0.080394484,0.17889282,-0.18141195,0.03909844,0.04140536,0.024639478,-0.049046345,0.06468617,0.08103987
0.12320523,0.11890349,3.4031394E-10,0.114707865,0.044482056,0.09189311,-0.13013448,-0.056688044,0.07474467,-0.049651366,-0.2959862,0.1098788,-0.039227795,0.04821327,-0.037427146,0.018012334,0.14929362,-0.049066216,-0.09244066,0.03894825,0.038762454,-0.24287526,-0.09564417
0.13922423,-0.07772564,0.114707865,-2.0766756E-10,0.28005683,0.21658485,0.064069405,-0.13415594,-0.04112349,0.09373255,0.0031089142,-0.13727447,-0.015110288,0.015900971,0.08515568,0.052335028,-0.043018285,0.027493581,-0.04280888,0.01886267,-0.0030868105,-0.1084016,-0.101067476
0.07772564,0.13922423,2.0761731E-10,0.114707865,-0.023034453,-0.0827164,-0.053674966,0.01388629,0.026797047,-0.07078344,-0.36193267,-0.031507943,-0.0906093,0.029505676,-0.058571387,0.036008954,0.07183129,-0.027444603,-0.093108684,0.014909179,-0.023114026,0.03524635,0.21881893
0.14977261,-0.028739085,0.114707865,-6.595621E-11,0.27315372,0.1109106,0.12090694,-0.089594945,-0.086590335,0.025417134,-0.07044018,-0.1925543,-0.028675254,0.044398908,0.05118404,-0.060108826,0.09832832,0.003254132,-0.037262004,0.031228535,0.048686333,-0.09280935,-0.08833547
0.028739085,0.14977261,6.5937644E-11,0.114707865,-0.003179305,-0.0016327652,-0.032076254,0.036671147,0.043041315,0.0233558,-0.1849242,0.03516874,-0.16446985,0.0023813695,-0.13581792,0.11294729,0.020186605,-0.16549441,-0.33348146,0.074636534,-0.20208463,0.2367777,0.20971012
0.15462697,0.017851103,0.114707865,6.8252314E-11,0.2678811,0.0553398,0.13398288,-0.07067865,-0.080118105,-0.014010753,-0.07446282,-0.17808844,-0.020592842,0.044555217,-0.0018291159,-0.09823647,0.115419015,-0.08318614,-0.08852687,0.018271836,0.024171567,-0.049852718,-0.085745685
-0.017851103,0.15462697,-6.824078E-11,0.114707865,-0.0153598,0.077577114,-0.0136283105,0.07043108,0.08785721,0.03404811,-0.06501534,0.075900935,-0.15768696,0.064534746,-0.14246331,0.121123865,0.0563928,-0.11027063,-0.24315159,0.029605092,-0.13527875,0.18749358,0.13660276
0.15331894,0.06816308,0.114707865,2.1246027E-10,0.27283376,0.009394101,0.17322546,-0.05771294,-0.07490382,-0.06023245,-0.057066176,-0.11142924,-0.035118222,0.092722334,-0.003924013,-0.07798462,0.30476004,-0.115144305,-0.04105317,0.033103973,-0.020917771,0.057518747,-0.11707251
-0.06816308,0.15331894,-2.1241624E-10,0.114707865,-0.030856222,0.13370875,0.001811892,0.101666756,0.08130079,0.023296343,0.003302894,0.0037792965,-0.14643846,0.008865217,-0.046031788,0.02898395,0.012355424,-0.0047163293,0.043980572,-0.05656212,0.073439114,-0.025952887,0.047218308
0.12224081,0.098534755,0.114707865,2.9617703E-10,0.04782374,-0.007812549,0.14112999,0.08304525,0.03404856,-0.14605123,0.032553677,0.04320018,0.04425124,-0.14042614,0.13396274,-0.016545754,-0.03305412,-0.21899125,-0.009386618,-0.21658467,-0.16203092,0.046447538,-9.91964E-4
-0.098534755,0.12224081,-2.9611336E-10,0.114707865,-2.5324547E-4,0.11885618,0.009259208,-0.032113384,-0.07089709,-0.18650055,0.12834932,0.043938164,-0.17906117,-0.1278616,0.04581553,0.15984204,-0.036389947,0.16538215,-0.14856257,-0.2372676,-0.03890313,-0.12979925,-0.0390255
0.094794855,0.1216604,0.114707865,3.5950398E-10,0.0032810778,0.011537474,0.10868988,0.11091108,0.06834436,-0.1401613,0.048759036,0.052433424,0.0763454,-0.16626595,0.16680536,0.05469543,-0.0042527304,-0.035791636,-0.021564905,-0.079239495,-0.22822273,0.017374212,-0.023192875
-0.1216604,0.094794855,-3.594254E-10,0.114707865,-0.0015499872,0.06760524,0.045381345,-0.09252087,-0.09002145,-0.13272448,0.10494219,0.08954663,-0.14010516,0.03987814,0.0076233977,0.104616106,0.008550284,0.07333415,0.003797665,0.14438365,0.015913624,-0.028829355,-0.088531174
0.0617302,0.12143727,0.114707865,3.5522113E-10,-0.03351758,0.0085530775,0.078955844,0.108901985,0.085116714,-0.08941667,0.055278357,0.07107438,0.08291698,-0.08538115,0.16100004,0.08979759,0.047181524,0.06775532,0.001706929,0.20547973,-0.17866267,0.018305043,-0.040686533
-0.12143727,0.0617302,-3.5514264E-10,0.114707865,-0.0080705015,0.020369068,0.08453013,-0.11274955,-0.13392359,-0.13531484,0.081970386,0.06544455,-0.09617158,0.089619875,-0.02301825,-0.024396548,-0.023162324,-0.0786972,0.08468607,0.17636435,0.05307271,0.05100144,-0.056897234
0.031158509,0.10298047,0.114707865,2.98898E-10,-0.055884708,0.004282952,0.052310348,0.08411628,0.069886364,-0.0067105135,0.039455578,0.036412086,0.09708385,-0.015884943,0.08971728,0.07053169,0.03256111,0.12402539,0.022212466,0.3408335,-0.07974842,0.008249849,-0.019318432
-0.10298047,0.031158509,-2.9883143E-10,0.114707865,-0.010529061,0.008060513,0.10717081,-0.11775829,-0.14872083,-0.11858128,0.069561176,0.037544414,-0.07539191,0.057387594,-0.05137596,-0.09944607,-0.0754084,-0.21036527,0.086144246,0.0031919035,0.058731146,0.0735491,-0.024941923
0.06335741,0.103502,0.114707865,3.0394162E-10,-0.029748961,-2.613104E-4,0.0847384,0.10060459,0.06999707,-0.07510034,0.049392357,0.0462713,0.09578942,-0.085224785,0.13180329,0.04802651,0.0056035924,0.009960693,0.0043156003,0.19685802,-0.16368955,0.03475558,-0.035502553
-0.103502,0.06335741,-3.0387476E-10,0.114707865,-0.010996531,0.027414711,0.078817554,-0.11664327,-0.15023018,-0.15241319,0.08523435,0.04402678,-0.11228598,-0.011595347,-0.0074658575,-0.07211395,-0.03573216,-0.027372608,0.021118356,0.006735003,0.061618853,0.046325255,-0.04122526
0.09317478,0.104250506,0.114707865,3.0937414E-10,0.0013941992,-0.0039019485,0.11619513,0.09356654,0.05100057,-0.12001065,0.055994842,0.039669126,0.08867915,-0.14242993,0.14140356,0.011772323,-0.033330403,-0.102702245,0.0037948994,-0.034477033,-0.19429342,0.030236958,-0.025790742
-0.104250506,0.09317478,-3.0930677E-10,0.114707865,-0.0074341106,0.059396043,0.04572301,-0.10773508,-0.13183947,-0.17282414,0.10325629,0.071441494,-0.14454363,-0.06329312,0.022536539,0.02923848,0.013833137,0.14776751,-0.07108075,-0.019466734,0.03899845,-0.025636112,-0.058382683
-0.12224081,0.098534755,0.114707865,2.6924282E-10,0.047823764,0.007812533,-0.14112997,-0.08304524,-0.034048546,0.1460511,0.03255353,-0.0432002,0.04425141,0.14042638,-0.13396282,0.016545627,0.033054244,0.21899137,0.009387069,0.21659471,-0.1620165,-0.04644766,-9.917879E-4
-0.098534755,-0.12224081,-2.6917915E-10,0.114707865,2.5327146E-4,0.118856244,0.009259207,-0.032113418,-0.07089715,-0.18650061,-0.12834916,0.04393826,0.17906098,-0.12786195,0.045815863,0.15984227,-0.03639032,0.16538253,-0.14856248,-0.23726939,0.038887516,-0.12979911,0.03902625
-0.094794855,0.1216604,0.114707865,3.3861722E-10,0.0032810753,-0.011537474,-0.10868993,-0.11091122,-0.06834442,0.14016157,0.048758898,-0.052433413,0.07634564,0.16626596,-0.16680552,-0.05469543,0.004252462,0.035791658,0.021565408,0.07925468,-0.22821747,-0.017374143,-0.023192823
-0.1216604,-0.094794855,-3.385386E-10,0.114707865,0.0015500011,0.06760525,0.04538137,-0.0925208,-0.09002139,-0.13272452,-0.104942,0.08954676,0.14010523,0.039878115,0.007623464,0.104616046,0.00855016,0.07333419,0.0037975577,0.14438471,-0.01590421,-0.028829245,0.08853148
-0.0617302,0.12143727,0.114707865,3.416197E-10,-0.033517603,-0.008553066,-0.07895589,-0.10890198,-0.08511656,0.08941672,0.055278078,-0.07107431,0.08291726,0.085381165,-0.16099992,-0.08979755,-0.0471818,-0.0677553,-0.0017064362,-0.2054686,-0.17867598,-0.01830481,-0.040686414
-0.12143727,-0.0617302,-3.415412E-10,0.114707865,0.008070512,0.020369094,0.08453005,-0.112749524,-0.13392346,-0.13531499,-0.081970274,0.06544449,0.09617165,0.08962002,-0.02301818,-0.024396576,-0.023162516,-0.0786971,0.08468611,0.17636815,-0.053061265,0.051001318,0.056897134
-0.031158509,0.10298047,0.114707865,2.9203262E-10,-0.055884786,-0.004282918,-0.052310348,-0.084116414,-0.06988652,0.0067105233,0.039455485,-0.036412105,0.09708417,0.015884843,-0.089717254,-0.07053165,-0.03256128,-0.12402526,-0.022212539,-0.3408278,-0.079770565,-0.008249976,-0.01931764
-0.10298047,-0.031158509,-2.919661E-10,0.114707865,0.010529067,0.008060515,0.10717086,-0.1177581,-0.14872102,-0.11858153,-0.0695612,0.037544448,0.07539205,0.057387657,-0.051375806,-0.099446155,-0.075408384,-0.21036534,0.0861446,0.0031959035,-0.058730774,0.07354921,0.024941102
-0.06335741,0.103502,0.114707865,2.8998165E-10,-0.02974897,2.6132588E-4,-0.08473844,-0.1006045,-0.06999697,0.07510043,0.049392197,-0.046271127,0.095789686,0.08522455,-0.13180333,-0.048026584,-0.005603919,-0.009960462,-0.004315463,-0.196848,-0.16370232,-0.034755666,-0.035502017
-0.103502,-0.06335741,-2.8991476E-10,0.114707865,0.010996547,0.027414704,0.07881752,-0.116643034,-0.1502302,-0.15241341,-0.08523419,0.044026934,0.1122858,-0.011595424,-0.007465884,-0.07211431,-0.035732035,-0.02737239,0.021118345,0.0067390446,-0.061618425,0.046325117,0.04122519
-0.09317479,0.104250506,0.114707865,2.8884428E-10,0.0013942054,0.003901951,-0.11619529,-0.093566604,-0.05100065,0.12001066,0.055994533,-0.039669007,0.0886793,0.14242975,-0.14140359,-0.011772464,0.033330183,0.10270234,-0.003794507,0.034489404,-0.19429111,-0.030236885,-0.025790578
-0.104250506,-0.09317479,-2.8877692E-10,0.114707865,0.007434133,0.05939605,0.045723043,-0.10773522,-0.1318395,-0.17282417,-0.10325609,0.07144148,0.14454362,-0.063293256,0.022536697,0.029238364,0.013833091,0.14776768,-0.071080856,-0.019464156,-0.038999904,-0.025636345,0.058383193
-0.09733479,0.06761705,0.114707865,1.832795E-10,0.013345688,-0.0057816617,-0.107041575,-0.0595719,-0.04314469,0.051042307,0.019336026,-0.064406924,0.06733532,-0.09765208,0.112286516,0.08683275,0.1297683,0.039593432,-0.029890565,0.07105507,0.10959285,0.038226556,0.067149915
-0.06761705,-0.09733479,-1.832358E-10,0.114707865,0.008913465,0.10237385,0.017620232,0.092615455,0.057946958,0.03141703,-0.093256995,-0.040171444,0.12207783,-0.02473913,-0.019496527,-0.014415986,0.031838775,-0.0052669495,0.062422227,-0.03782637,-0.057934057,-0.026440198,0.0105422
-0.07182517,0.08148899,0.114707865,2.2589039E-10,-0.004990804,-0.01113793,-0.08027042,-0.055048976,-0.039645698,0.058580134,0.028137986,-0.06003275,0.08452937,-0.066049606,0.09783507,0.056434866,0.07168288,-0.04313974,-0.03109769,-0.02316926,0.12916085,0.032689877,0.08463093
-0.08148899,-0.07182517,-2.2583771E-10,0.114707865,0.007954366,0.06555064,0.03921772,0.08352527,0.0136934575,0.051779374,-0.06517919,-0.07757373,0.09951982,-0.07853517,0.01998046,-0.065085836,0.11899895,0.030143635,0.08113744,0.042258054,-0.053872973,0.023509338,0.01308536
-0.044678487,0.067146085,0.114707865,1.877293E-10,-0.005134892,-0.010144962,-0.057815824,-0.042373206,-0.02240163,0.042414915,0.016813578,-0.023157433,0.07364009,-0.011890385,0.09616796,0.050008904,0.053795177,-0.1241439,0.016009944,-0.10398431,0.1060661,0.044825263,0.07182552
-0.067146085,-0.044678487,-1.8768591E-10,0.114707865,9.3566964E-4,0.07202579,0.043660533,0.08955919,0.04698424,0.062942214,-0.051233854,-0.04042926,0.077102184,0.008421394,-0.0045572105,-0.029069807,0.00762648,-0.0050122077,0.046289142,-0.006589273,-0.016829735,-0.014077152,0.022742445
-0.07166301,0.058789864,0.114707865,1.6078129E-10,-0.0011917946,-0.0041892603,-0.083122514,-0.05558585,-0.035069887,0.046423722,0.013011536,-0.051734883,0.08110481,-0.063606,0.099197686,0.058609553,0.096139,-0.045032512,-0.0067328406,-0.023794454,0.11599236,0.040934313,0.07836644
-0.058789864,-0.07166301,-1.6074331E-10,0.114707865,0.0017064818,0.066709176,0.038765367,0.08908733,0.06707341,0.0419049,-0.06905276,-0.0533916,0.09547502,0.025765955,-0.0030559069,-0.051344294,-7.766772E-4,-0.04879734,0.06572425,-0.054257266,-0.04189068,-0.019500395,0.026329996
-0.07136241,0.07095446,0.114707865,1.9571632E-10,-0.004898711,-0.0057014925,-0.07608019,-0.04704001,-0.024680927,0.049371623,0.003434832,-0.04645149,0.08672213,-0.051124655,0.10552046,0.06645759,0.08731968,-0.066984214,0.0038344576,-0.021729048,0.25431046,0.041449208,0.20154457
-0.07095446,-0.07136241,-1.9567047E-10,0.114707865,0.009474272,0.07633294,0.03257031,0.0861277,0.04168721,0.06307117,-0.06951765,-0.065026134,0.1001209,-0.033547565,-0.0036427071,-0.049114414,0.03736041,-6.880235E-4,0.059654076,0.003254849,-0.057499476,7.142076E-4,0.008403157
0.09733479,0.06761705,0.114707865,2.0472594E-10,0.013345674,0.005781659,0.10704164,0.059571892,0.043144736,-0.051042344,0.019336224,0.06440692,0.06733538,0.09765211,-0.11228629,-0.08683263,-0.12976807,-0.039593432,0.02989022,-0.07106216,0.10958837,-0.038226638,0.067150176
-0.06761705,0.09733479,-2.0468226E-10,0.114707865,-0.008913439,0.10237387,0.017620232,0.09261544,0.057947055,0.03141719,0.093256876,-0.040171456,-0.12207769,-0.024739109,-0.019496586,-0.014415904,0.031838927,-0.0052669407,0.062422186,-0.037830263,0.05793168,-0.026440127,-0.01054185
0.07182517,0.08148899,0.114707865,2.4171612E-10,-0.004990806,0.011137942,0.08027046,0.05504897,0.039645728,-0.05858032,0.028138014,0.060032804,0.08452921,0.066049546,-0.09783498,-0.056434765,-0.07168265,0.04313979,0.031097347,0.023160994,0.12916276,-0.032690316,0.08463112
-0.08148899,0.07182517,-2.4166347E-10,0.114707865,-0.00795435,0.06555064,0.039217666,0.08352521,0.013693446,0.051779427,0.06517915,-0.07757381,-0.09951964,-0.07853512,0.019980421,-0.06508588,0.11899898,0.030143633,0.08113742,0.042254567,0.05387574,0.023509486,-0.01308536
0.044678487,0.067146085,0.114707865,1.9757361E-10,-0.0051348954,0.010144961,0.05781581,0.042373203,0.022401672,-0.042414892,0.01681366,0.023157516,0.07364019,0.011890204,-0.09616817,-0.05000887,-0.053795025,0.12414387,-0.01601027,0.10397743,0.10607292,-0.044825446,0.07182531
-0.067146085,0.044678487,-1.9753024E-10,0.114707865,-9.356533E-4,0.072025925,0.04366062,0.08955913,0.046984173,0.06294226,0.051233698,-0.040429346,-0.077102154,0.008421487,-0.004557264,-0.02906974,0.0076265354,-0.0050121876,0.046289064,-0.006590406,0.016829398,-0.014077124,-0.022742562
0.07166301,0.058789864,0.114707865,1.765713E-10,-0.0011917921,0.0041892584,0.083122484,0.05558588,0.035069883,-0.046423767,0.013011591,0.05173486,0.081104696,0.06360598,-0.099197574,-0.058609482,-0.096138895,0.045032475,0.0067324853,0.023787044,0.11599406,-0.040934525,0.078366324
-0.058789864,0.07166301,-1.7653332E-10,0.114707865,-0.0017064591,0.06670916,0.038765445,0.08908734,0.06707348,0.041904937,0.06905282,-0.053391613,-0.095474884,0.025766023,-0.0030559837,-0.05134443,-7.7636185E-4,-0.04879756,0.06572418,-0.054260004,0.041887358,-0.019500496,-0.026329907
0.07136241,0.07095446,0.114707865,2.114401E-10,-0.0048987158,0.005701496,0.07608023,0.047040004,0.024680933,-0.04937163,0.003434903,0.046451546,0.08672203,0.05112459,-0.10552048,-0.06645765,-0.08731954,0.06698433,-0.0038349656,0.021712532,0.2543121,-0.041449368,0.20154455
-0.07095446,0.07136241,-2.1139425E-10,0.114707865,-0.009474245,0.07633298,0.03257032,0.08612765,0.041687217,0.063071296,0.06951783,-0.065026134,-0.10012088,-0.033547558,-0.0036427442,-0.04911447,0.037360575,-6.8792334E-4,0.059653956,0.0032510275,0.057499785,7.1410375E-4,-0.008402957
-0.017288368,0.070012674,0.114707865,1.9897148E-10,-0.057693757,0.0011708541,-0.015830863,-0.024348576,0.0032693227,0.015807385,0.024691492,0.018622344,0.03706921,0.0141076315,0.010324003,0.019147592,0.0052888403,-0.055369608,0.027154587,-0.014768203,-0.039810106,-0.013393971,-0.045804553
-0.070012674,-0.017288368,-1.9892624E-10,0.114707865,-0.006421569,0.017762156,0.02869722,0.032879416,-0.023665082,0.13642295,-0.013109488,-0.108306475,0.0052499557,-0.11314575,0.0019019301,-0.13799092,-0.22523737,-0.05434336,-0.1858508,0.14305387,0.0091255205,-0.023764772,0.02152716
-0.022735652,0.026505742,0.114707865,7.3543914E-11,-0.08800875,0.0019503165,-0.020196203,-0.0052409526,0.0060011046,-0.012412915,0.01897491,-0.012798261,0.033722512,-0.011787995,0.027153527,-0.0017638982,-0.023042932,-0.048215955,0.03179786,1.2210228E-4,-0.07294506,-0.029412262,-0.08155767
-0.026505742,-0.022735652,-7.352678E-11,0.114707865,-0.016090548,-0.10236812,0.09689802,-0.028501524,0.026184466,0.15797827,-0.032424435,0.050158504,0.005919612,0.07419202,0.13191366,-0.035365902,-0.13309021,0.007810795,-0.17417213,-0.011985636,0.03931555,-0.110881776,0.043238204
-0.047157988,-0.00265929,0.114707865,-1.2825197E-11,-0.06188789,-0.022328952,-0.07014678,-0.057557687,0.050178524,0.00835726,-0.015056692,-0.03191831,0.0138759995,-0.06846379,0.07282095,-0.012360916,-0.18892477,-0.22799928,-0.06156556,0.068894506,-0.023148185,-0.17454836,-0.066331245
0.00265929,-0.047157988,1.2823479E-11,0.114707865,6.778627E-4,-0.06897166,0.06895584,-0.040804654,0.14173302,0.0636645,-0.016802747,0.1779513,0.023892175,0.31975964,0.14220126,0.12820314,0.13854429,0.008629259,0.119802676,-0.121993154,-0.04010092,0.0044525135,-0.022265207
-0.0363621,-0.02221169,0.114707865,-6.773438E-11,-0.08303726,-0.0077883373,-0.061817512,-0.035381224,0.095690876,-0.04130045,-0.020139398,0.03913097,0.0076972586,0.103228435,0.10538043,0.0318126,-0.06308093,-0.22584164,0.084151916,0.060848355,-0.023369694,-0.11666806,-0.05327376
0.02221169,-0.0363621,6.772003E-11,0.114707865,0.0023940913,-0.08193747,0.050159052,-0.05270431,0.06505398,0.059186473,-0.029236047,-0.008776231,0.028840063,0.0786291,0.09027889,-0.01877963,-0.045327503,0.036753315,-0.046457775,-0.04805638,-0.015797405,-0.051299755,0.0030955514
-9.0325226E-11,-0.029198417,0.114707865,-8.377432E-11,-0.12981816,2.1684102E-8,2.5499187E-9,1.3696595E-9,-1.957951E-8,1.7987425E-8,-0.030587723,-3.819039E-8,-0.028859489,-1.2211832E-9,-6.646977E-8,2.6433252E-8,4.7897533E-8,2.8535748E-8,-1.9942947E-8,-1.9289979E-7,0.002967946,-1.199077E-8,-0.06562775
0.029198417,-9.0591784E-11,8.3755454E-11,0.114707865,-1.3530778E-8,-0.14334309,0.11628916,-0.067893945,-0.008434449,0.12953007,2.2294173E-9,0.08039194,-2.3060446E-8,0.040674817,0.08573395,-0.0046499367,-0.0055817445,0.04830955,-0.026518231,-0.03874623,-1.2903724E-6,0.044428326,1.869723E-8
0.0363621,-0.02221169,0.114707865,-5.972247E-11,-0.083037205,0.007788378,0.061817434,0.035381228,-0.09569093,0.041300457,-0.0201394,-0.03913104,0.0076971636,-0.10322849,-0.10538054,-0.03181247,0.06308083,0.22584166,-0.08415177,-0.060846724,-0.023374092,0.11666787,-0.05327405
0.02221169,0.0363621,5.970811E-11,0.114707865,-0.0023941118,-0.08193746,0.05015905,-0.052704293,0.065053985,0.059186567,0.029236028,-0.008776236,-0.028840004,0.07862906,0.09027882,-0.018779606,-0.045327436,0.036753245,-0.046457794,-0.048057277,0.015794182,-0.051299654,-0.0030955507
0.047157988,-0.00265929,0.114707865,-2.4345504E-12,-0.06188788,0.022328962,0.07014671,0.05755767,-0.050178483,-0.008357245,-0.015056632,0.031918325,0.013876127,0.06846387,-0.07282098,0.012360834,0.18892455,0.22799946,0.061565652,-0.06889307,-0.023152718,0.17454864,-0.06633185
0.00265929,0.047157988,2.4328306E-12,0.114707865,-6.7788037E-4,-0.06897154,0.06895584,-0.040804714,0.14173302,0.063664444,0.01680273,0.17795104,-0.02389199,0.31975943,0.14220119,0.12820336,0.13854422,0.008629285,0.119802706,-0.121996,0.040093284,0.0044529387,0.022264399
0.022735652,0.026505742,0.114707865,7.8553414E-11,-0.088008836,-0.0019502685,0.020196225,0.005240931,-0.0060010916,0.012413009,0.018974928,0.012798169,0.03372259,0.011787938,-0.027153438,0.0017639914,0.023042744,0.048216105,-0.03179784,-1.1715095E-4,-0.07294527,0.029412204,-0.08155746
-0.026505742,0.022735652,-7.853629E-11,0.114707865,0.016090527,-0.10236806,0.09689806,-0.028501574,0.026184434,0.1579782,0.032424327,0.050158486,-0.005919669,0.074191995,0.13191353,-0.035365738,-0.13309078,0.0078110863,-0.17417212,-0.011982976,-0.039316542,-0.11088183,-0.04323826
0.017288366,0.070012674,0.114707865,2.0278074E-10,-0.05769372,-0.0011708316,0.01583086,0.02434857,-0.0032693408,-0.01580733,0.02469154,-0.01862244,0.037069168,-0.014107671,-0.010324007,-0.019147696,-0.0052887364,0.0553697,-0.027154572,0.01477089,-0.0398092,0.013393835,-0.045804515
-0.070012674,0.017288366,-2.027355E-10,0.114707865,0.0064215823,0.017762149,0.028697236,0.032879394,-0.02366506,0.13642286,0.013109401,-0.108306445,-0.0052500796,-0.113145776,0.0019019324,-0.13799071,-0.2252375,-0.05434314,-0.18585093,0.14305457,-0.009116407,-0.023764683,-0.021527357
-0.024411181,-0.014611534,0.114707865,-4.4611866E-11,-0.12557115,0.013866533,-0.05246744,-0.011441543,0.05908767,-0.022643689,-0.012616762,-0.016136535,0.014852529,0.030597724,0.030773817,0.023314562,-0.06548292,-0.1446156,0.013840215,0.016662877,-0.015983418,-0.08521418,-0.054138437
0.014611534,-0.024411181,4.4602422E-11,0.114707865,0.0038775674,-0.14502305,0.10927944,-0.060007986,-0.00652991,0.14963695,-0.0232633,0.065581255,0.018350655,0.03173684,0.13687566,-0.057805445,-0.026356675,0.091873586,-0.0933749,-0.04988701,-3.936321E-5,-7.312877E-4,0.0062879445
0.024411181,-0.014611534,0.114707865,-3.9233183E-11,-0.12557116,-0.013866431,0.052467383,0.011441573,-0.059087742,0.022643723,-0.0126168085,0.016136639,0.014852447,-0.030597908,-0.030773757,-0.023314323,0.06548243,0.14461604,-0.0138398735,-0.01666181,-0.015984645,0.085214615,-0.0541388
0.014611534,0.024411181,3.922374E-11,0.114707865,-0.0038776072,-0.14502306,0.10927949,-0.060007878,-0.0065298937,0.1496371,0.023263186,0.0655813,-0.018350698,0.031736843,0.13687548,-0.057805583,-0.026356572,0.09187364,-0.09337467,-0.049886864,3.598014E-5,-7.3143386E-4,-0.0062878346
-0.06008785,-0.07665532,0.114707865,-2.2655457E-10,-0.013869447,-0.013832999,-0.13457769,-0.021707956,0.11051496,-0.17269291,-0.08399659,-0.15645067,-0.07108701,0.12411519,0.18080817,-0.17290996,-0.05463619,0.062165644,-0.058072213,0.0476736,0.01864322,0.0807087,-0.036063068
0.07665532,-0.06008785,2.2650506E-10,0.114707865,-0.004529604,-0.004644832,-0.10858669,-0.034167603,0.13077544,-0.13192718,-0.046800878,-0.12213088,0.031612784,0.06909448,-0.042825677,0.040204726,-0.046813942,0.09710785,-0.048208006,-0.06086231,0.0018522949,-0.018170629,0.022837952
-0.036994115,-0.06017783,0.114707865,-1.7673416E-10,-0.084356025,-0.017562341,-0.053252503,-0.024115285,0.06959379,-0.079274036,-0.06497211,-0.07027968,-0.07076921,0.038325503,0.096570924,-0.09104193,-0.010829385,0.017274126,0.0029418676,0.020923402,0.021166105,0.061199475,-0.056670386
0.06017783,-0.036994115,1.7669526E-10,0.114707865,-0.0018957972,-0.11675981,-0.003908177,-0.14745548,0.13964789,-0.04203008,-0.028196415,-0.08216114,0.025926229,-0.1122928,-0.09398081,0.0684848,-0.019932255,-0.026515711,0.10418883,0.01654616,-0.0030005625,-0.026716402,5.740716E-4
-0.013818633,-0.054413866,0.114707865,-1.5764334E-10,-0.11271682,-1.8269407E-4,-0.013805373,0.005077363,0.012367515,-0.015100331,-0.043475308,-0.0018042151,-0.06627642,0.030368932,0.042444386,-0.026662407,0.0020798242,0.0027259944,-0.0045569367,0.015093712,0.018121267,0.031231413,-0.105206445
0.054413866,-0.013818633,1.5760818E-10,0.114707865,-0.0023640099,-0.15839258,0.04466661,-0.18263008,0.110983305,0.019769493,-0.0077819573,-0.03626586,0.0045452127,-0.14425887,-0.09514499,0.09219562,0.026483994,-0.03953439,0.16575259,0.05914811,0.0058368384,7.1689766E-4,0.005953204
-9.384428E-11,-0.056813795,0.114707865,-1.6300668E-10,-0.12242128,2.800552E-8,-8.899755E-9,8.397564E-9,4.454503E-8,3.0554094E-8,-0.051710665,2.2604263E-8,-0.064060874,-5.0751048E-8,-3.8916916E-8,1.10411115E-7,-1.1440587E-7,9.277393E-8,7.102962E-8,-1.0083389E-6,0.028355319,1.5546986E-7,-0.08059298
0.056813795,-9.4362955E-11,1.6296997E-10,0.114707865,-3.1560234E-9,-0.16368419,0.03846633,-0.18521543,0.085770935,0.03150556,-3.0230755E-8,-0.07050488,-6.037324E-8,-0.212729,-0.10124236,0.07173202,-0.009497203,-0.015052193,0.1212753,0.044725187,1.5720518E-6,-0.017057564,-1.3182152E-7
0.013818633,-0.054413866,0.114707865,-1.5459857E-10,-0.1127168,1.8272798E-4,0.013805345,-0.0050772936,-0.012367498,0.015100284,-0.04347529,0.0018042779,-0.06627642,-0.030369023,-0.042444464,0.02666249,-0.0020799418,-0.0027258813,0.004557087,-0.015095134,0.018120335,-0.031231381,-0.10520636
0.054413866,0.013818633,1.545634E-10,0.114707865,0.0023639547,-0.15839267,0.044666547,-0.18263002,0.110983446,0.019769492,0.0077818753,-0.036265917,-0.00454518,-0.14425911,-0.09514501,0.09219549,0.026484245,-0.039534647,0.16575307,0.059148267,-0.0058327103,7.170775E-4,-0.0059530674
0.03699411,-0.06017783,0.114707865,-1.6858298E-10,-0.08435606,0.017562376,0.05325247,0.024115328,-0.06959377,0.07927396,-0.06497211,0.070279576,-0.07076917,-0.038325433,-0.096570805,0.091041975,0.01082946,-0.0172742,-0.0029419374,-0.02092495,0.021164816,-0.061199423,-0.05667037
0.06017783,0.03699411,1.6854408E-10,0.114707865,0.0018957617,-0.11675994,-0.0039081653,-0.14745526,0.139648,-0.042030085,0.028196521,-0.08216112,-0.025926169,-0.112292685,-0.09398075,0.06848444,-0.019931888,-0.026515773,0.10418872,0.016545929,0.0030017481,-0.026716497,-5.739308E-4
0.060087845,-0.07665532,0.114707865,-2.1331499E-10,-0.01386944,0.013833004,0.13457768,0.021707961,-0.11051498,0.17269285,-0.083996914,0.1564506,-0.071087115,-0.12411529,-0.18080798,0.17290989,0.054636456,-0.062165767,0.05807205,-0.04767494,0.018640013,-0.08070881,-0.036063045
0.07665532,0.060087845,2.1326547E-10,0.114707865,0.0045296024,-0.0046448424,-0.108586654,-0.034167662,0.13077527,-0.1319271,0.046800863,-0.12213113,-0.031612657,0.069094494,-0.042825785,0.04020468,-0.046813764,0.09710774,-0.048208028,-0.060861878,-0.0018563869,-0.018170625,-0.022838285
0.045402143,-0.094402395,0.114707865,-2.6585173E-10,-0.04212373,0.0010323931,0.073835135,0.071669996,-0.1593407,0.124024846,-0.05952852,0.0727863,-0.09386575,-0.06471753,-0.0898636,0.10854184,0.018178184,-0.02089808,0.023002682,-0.032307226,0.0017887289,-0.05154885,-0.048523795
0.094402395,0.045402143,2.6579072E-10,0.114707865,0.0054162946,-0.050764956,-0.10626855,0.09996598,-0.0789816,-0.079405434,0.026647663,-0.10692769,-0.025702236,0.09763411,0.0057488917,0.07221329,-0.0383265,0.047417402,-0.0027830126,-0.045763202,0.008818604,-0.00638826,-0.03089349
0.024506139,-0.10357116,0.114707865,-2.944603E-10,-0.07346306,-0.006474217,0.036323335,0.04502381,-0.09194039,0.056776877,-0.050812613,0.019273588,-0.104833126,-0.03716856,-0.036929663,0.051755972,-0.014944373,-0.013434955,0.016696582,-0.0109039415,0.007106462,-0.027443837,-0.051394902
0.10357116,0.024506139,2.9439334E-10,0.114707865,0.0022581252,-0.10185443,-0.10536205,0.1967966,-0.22934985,-0.048249267,0.012901688,-0.12879255,-0.014609762,0.079422094,0.055259198,0.06039442,-0.05364239,0.02951449,0.02062517,-0.02167684,0.005837222,-0.003048296,-0.014129292
-1.02293646E-10,-0.106010795,0.114707865,-3.041597E-10,-0.098651566,6.187268E-9,2.194665E-9,1.1634562E-8,2.1928634E-9,-8.673542E-9,-0.060733408,-7.648641E-8,-0.10081624,1.8715435E-8,-4.95956E-8,1.5453295E-9,7.344693E-8,-4.7428337E-8,-4.274814E-8,-1.0359375E-6,0.030082002,-8.606795E-8,-0.01954189
0.106010795,-1.0326145E-10,3.0409122E-10,0.114707865,-2.055307E-8,-0.12054728,-0.10336599,0.22553799,-0.25944433,-0.03806898,1.8365369E-9,-0.13126335,7.2520145E-9,0.07950943,0.078435324,0.05682448,-0.06673361,0.009093442,0.04507685,-0.010384454,-2.1203496E-7,-0.006796344,-6.145008E-8
-0.024506139,-0.10357116,0.114707865,-2.9985986E-10,-0.07346314,0.006474247,-0.03632332,-0.045023765,0.09194035,-0.056776997,-0.05081254,-0.019273583,-0.10483302,0.037168615,0.036929615,-0.051755838,0.014944363,0.013434852,-0.016696546,0.010903365,0.0071070106,0.02744406,-0.051394463
0.10357116,-0.024506139,2.9979294E-10,0.114707865,-0.0022581434,-0.10185449,-0.10536215,0.19679688,-0.2293499,-0.04824918,-0.0129015,-0.12879266,0.014609872,0.079422094,0.05525916,0.060394373,-0.053642023,0.029514275,0.020624842,-0.021676261,-0.005838506,-0.0030488009,0.0141293155
-0.045402143,-0.094402395,0.114707865,-2.7585548E-10,-0.0421238,-0.0010323735,-0.07383518,-0.07167008,0.15934072,-0.124024846,-0.059528474,-0.07278641,-0.09386563,0.06471761,0.089863695,-0.10854175,-0.018178266,0.020898024,-0.023002442,0.03230692,0.0017909254,0.05154896,-0.04852352
0.094402395,-0.045402143,2.7579447E-10,0.114707865,-0.005416315,-0.050764937,-0.10626864,0.09996603,-0.0789816,-0.079405524,-0.026647497,-0.106927566,0.025702301,0.09763397,0.0057488824,0.07221339,-0.03832669,0.04741752,-0.002782957,-0.045762748,-0.008821546,-0.006388158,0.03089341
-0.027677063,-0.08327377,0.114707865,-2.4197316E-10,-0.07467801,-0.00486011,-0.051884986,-0.014566973,0.0741246,-0.0892664,-0.042727035,-0.05252877,-0.07874666,0.085351594,0.06423898,-0.06517476,0.004524544,0.007730554,-0.018550646,0.003979997,0.03743286,0.06124565,-0.05943588
0.08327377,-0.027677063,2.4191935E-10,0.114707865,-0.002808346,-0.08008394,-0.0941653,0.0770567,-0.12422251,0.019296996,-0.01094804,-0.0021505584,0.029553106,0.053236313,0.02285552,0.1299777,-0.04981228,-0.08410679,0.09718001,0.08745501,-0.0027354641,-0.06369445,0.0047672424
-1.0193362E-10,-0.08702206,0.114707865,-2.496784E-10,-0.097057626,2.2431903E-8,2.1000742E-8,-1.16055565E-8,-4.043215E-8,-1.374912E-8,-0.05687234,-1.596063E-7,-0.08394102,6.972068E-8,-1.1286877E-9,-8.864078E-9,1.3769136E-7,-1.09951024E-7,-6.547028E-8,-8.260439E-7,0.024761828,-1.6491225E-7,-0.058146615
0.08702206,-1.0272806E-10,2.4962218E-10,0.114707865,-1.5913814E-8,-0.101419196,-0.089786366,0.10036623,-0.16684519,0.028783754,1.5200641E-11,0.008994015,-5.1489066E-9,0.027855728,0.04188151,0.11229298,-0.03857257,-0.096635915,0.12759972,0.10736183,3.6149245E-6,-0.041814387,-4.7003862E-8
0.027677063,-0.08327377,0.114707865,-2.3587488E-10,-0.074678004,0.0048601367,0.051884983,0.014566984,-0.07412469,0.089266405,-0.04272713,0.052528817,-0.07874675,-0.08535166,-0.06423912,0.06517486,-0.004524649,-0.007730523,0.018550655,-0.003982619,0.037432585,-0.061245408,-0.059436284
0.08327377,0.027677063,2.3582106E-10,0.114707865,0.0028083203,-0.08008396,-0.094165355,0.07705673,-0.12422243,0.019297054,0.010948137,-0.0021504045,-0.029553102,0.053236224,0.022855395,0.12997736,-0.04981226,-0.084106795,0.0971801,0.08745466,0.0027414518,-0.06369428,-0.004767136
0.027591951,-0.07125793,0.114707865,-2.0140914E-10,-0.07950277,0.008935244,0.05036826,0.009292299,-0.06540146,0.084755816,-0.047474872,0.051559217,-0.07795176,-0.08529888,-0.06786774,0.06737326,-0.0027423499,-0.004919925,0.014832897,-0.007179256,0.03581081,-0.0669389,-0.058755875
0.07125793,0.027591951,2.0136309E-10,0.114707865,9.274932E-4,-0.11069321,-0.005949914,-0.063727796,0.10820324,-0.060527485,0.028034326,-0.14564961,-0.016896091,-0.08635331,-0.09256703,-0.015995653,-0.033420507,0.10866751,0.0013502461,-0.060945965,7.5786543E-4,0.05996663,-0.0020697936
-1.0049408E-10,-0.07146385,0.114707865,-2.0503974E-10,-0.104599915,1.4472578E-9,-9.616579E-9,5.995746E-8,2.4558338E-8,-2.1783713E-8,-0.04853426,4.4543402E-8,-0.08006341,-4.88502E-8,-1.2478178E-7,7.4476083E-9,4.6744912E-8,-5.744653E-9,4.6327738E-8,-9.947498E-7,0.028209385,5.9329412E-8,-0.07142161
0.07146385,-1.01146494E-10,2.0499356E-10,0.114707865,-2.4436641E-8,-0.13184273,0.013013871,-0.07390246,0.074438155,-0.028076552,4.1135362E-8,-0.1074207,4.4214413E-8,-0.10227753,-0.09485003,-0.02305995,-0.0036233412,0.098921806,0.037332363,-0.047084503,-1.5495222E-6,0.072961114,-2.35293E-8
-0.027591951,-0.07125793,0.114707865,-2.0748867E-10,-0.0795027,-0.008935203,-0.050368182,-0.009292301,0.06540149,-0.08475578,-0.047474824,-0.051559348,-0.077951774,0.08529898,0.0678679,-0.0673732,0.002742336,0.00491999,-0.014832807,0.0071767215,0.0358113,0.06693907,-0.05875606
0.07125793,-0.027591951,2.0744262E-10,0.114707865,-9.275343E-4,-0.11069321,-0.0059499056,-0.06372787,0.10820329,-0.060527623,-0.028034298,-0.14564951,0.016896201,-0.08635345,-0.09256722,-0.01599571,-0.033420406,0.10866732,0.0013502524,-0.060945902,-7.617671E-4,0.059966415,0.0020695045
-9.866149E-11,-0.07890096,0.114707865,-2.2637783E-10,-0.09907216,2.4691959E-8,-3.5526164E-9,-7.921244E-9,2.9643685E-9,4.751545E-8,-0.0552842,-4.0193562E-8,-0.079512015,1.2593692E-8,3.0121825E-8,9.49161E-8,-1.3983134E-7,7.2394246E-9,8.7718036E-8,-1.1322386E-6,0.031510424,1.0759359E-7,-0.055250276
0.07890096,-9.9381794E-11,2.2632687E-10,0.114707865,-2.2008646E-8,-0.11010611,-0.03418216,0.013216479,-0.03204227,-0.0088006575,1.8589496E-8,-0.044169616,1.674833E-9,-0.041423928,-0.03658912,0.041753672,-0.008935061,0.005246933,0.0480849,0.029119276,1.0166453E-6,0.013806203,-8.2874365E-8
-9.0132596E-11,2.1987132E-4,0.114707865,6.308415E-13,-0.17673318,4.1828475E-8,9.896485E-9,5.6847025E-9,-1.1501247E-8,5.250832E-8,-5.983154E-4,-1.3334156E-7,0.012110987,4.4668407E-9,5.945888E-8,-2.9448339E-8,3.662137E-8,5.409607E-8,-1.5765586E-8,7.2510556E-7,-0.01736512,-2.4061594E-8,-0.057277307
-2.1987132E-4,-9.01306E-11,-6.306993E-13,0.114707865,-1.3672457E-8,-0.2090197,0.17260185,-0.08061764,-0.07881221,0.18682793,-2.0042552E-7,0.113354005,6.744963E-8,1.0215148E-4,0.19323136,-0.11099513,0.0016169571,0.14517626,-0.10683986,-0.018823523,-6.9747193E-7,0.05721811,1.9701E-7
-0.08458196,0.0745519,0.114707865,2.045815E-10,0.0041674254,-0.008456314,-0.09367257,-0.057342913,-0.041417647,0.054860096,0.023726122,-0.0622377,0.07599041,-0.08190349,0.10507111,0.07160113,0.10067499,-0.0017710733,-0.030451264,0.023972215,0.11946575,0.035456944,0.07584606
-0.0745519,-0.08458196,-2.0453333E-10,0.114707865,0.008423737,0.08393367,0.028434534,0.088104784,0.03582959,0.041570954,-0.07920144,-0.058896244,0.110813044,-0.051584695,2.697477E-4,-0.039711148,0.07541728,0.0123966895,0.071779065,0.0022220444,-0.055890642,-0.0013258439,0.011799111
-0.05825226,0.07431668,0.114707865,2.0680732E-10,-0.005068793,-0.010661172,-0.069035195,-0.048704933,-0.031033853,0.05050336,0.022477202,-0.041580908,0.07915398,-0.038983487,0.09698058,0.053169187,0.062682025,-0.08362497,-0.007527844,-0.0635457,0.11758911,0.03876312,0.07816042
-0.07431668,-0.05825226,-2.0675932E-10,0.114707865,0.004435158,0.06877087,0.041451562,0.08657089,0.030341513,0.057343654,-0.05819759,-0.059009723,0.08834202,-0.035014726,0.0077468334,-0.04704581,0.06327206,0.012534755,0.06374101,0.017840093,-0.035306193,0.0047771074,0.017895501
-0.05817197,0.062966496,0.114707865,1.7425092E-10,-0.0031699399,-0.0071951128,-0.07046628,-0.04898163,-0.028764632,0.04441925,0.01487205,-0.03747562,0.07746933,-0.037792653,0.09763692,0.054278582,0.07493574,-0.08455651,0.0046244897,-0.06383963,0.1110215,0.042919952,0.07496002
-0.062966496,-0.05817197,-1.7421024E-10,0.114707865,0.0013166561,0.06934193,0.041251883,0.08937904,0.057040818,0.052387588,-0.06010215,-0.046898123,0.08628262,0.01714597,-0.0038281926,-0.040163185,0.0033922137,-0.02698852,0.05603032,-0.03046888,-0.0292806,-0.016787985,0.024563164
-0.084501274,0.06320215,0.114707865,1.7202638E-10,0.0060611465,-0.0049954113,-0.09510566,-0.057624243,-0.039136115,0.04879478,0.016134767,-0.058131658,0.074300036,-0.08067733,0.10577224,0.072737664,0.112928875,-0.002628848,-0.018302128,0.023759168,0.11278112,0.039559245,0.07269923
-0.06320215,-0.084501274,-1.7198554E-10,0.114707865,0.0053040446,0.08450463,0.02823144,0.09092656,0.06250018,0.036643207,-0.08117955,-0.04681745,0.10882624,5.8657065E-4,-0.0112833865,-0.03280983,0.015521039,-0.027034499,0.06413351,-0.046073686,-0.049856283,-0.022911549,0.01838566
0.08458196,0.0745519,0.114707865,2.2321804E-10,0.004167425,0.008456317,0.09367261,0.05734295,0.041417714,-0.054860048,0.023726258,0.06223778,0.075990416,0.08190337,-0.10507106,-0.07160117,-0.10067503,0.0017711329,0.030451046,-0.023979846,0.11946428,-0.035457022,0.075846285
-0.0745519,0.08458196,-2.2316989E-10,0.114707865,-0.008423715,0.083933614,0.028434524,0.08810459,0.035829667,0.041571002,0.07920144,-0.058896177,-0.11081283,-0.051584627,2.696345E-4,-0.039711107,0.07541744,0.0123965535,0.07177882,0.0022182784,0.055890776,-0.0013258782,-0.011798957
0.05825226,0.07431668,0.114707865,2.1964246E-10,-0.005068789,0.010661177,0.06903514,0.048704915,0.031033834,-0.050503347,0.02247729,0.041580956,0.079153836,0.038983226,-0.09698062,-0.053169176,-0.062681995,0.08362496,0.0075275167,0.063537985,0.117593296,-0.038763314,0.078160346
-0.07431668,0.05825226,-2.1959444E-10,0.114707865,-0.004435138,0.06877089,0.041451573,0.08657095,0.03034158,0.057343718,0.058197748,-0.05900982,-0.08834194,-0.03501467,0.0077467286,-0.047045816,0.0632723,0.01253471,0.06374092,0.017837696,0.035307374,0.0047772047,-0.017895525
0.05817197,0.062966496,0.114707865,1.8706835E-10,-0.0031699354,0.0071951174,0.07046638,0.04898165,0.028764654,-0.044419266,0.014872131,0.037475705,0.07746918,0.037792604,-0.09763704,-0.054278538,-0.07493568,0.08455663,-0.004624943,0.06383246,0.11102578,-0.042920183,0.07495978
-0.062966496,0.05817197,-1.8702767E-10,0.114707865,-0.0013166384,0.06934196,0.041251853,0.089378975,0.05704082,0.052387685,0.06010213,-0.04689806,-0.08628259,0.017146124,-0.003828231,-0.04016318,0.0033922624,-0.02698852,0.05603021,-0.030470729,0.029278718,-0.0167881,-0.02456312
0.084501274,0.06320215,0.114707865,1.9064514E-10,0.0060611553,0.0049954043,0.095105655,0.05762423,0.039136093,-0.04879478,0.016134795,0.05813174,0.07430011,0.08067712,-0.10577217,-0.07273759,-0.11292889,0.0026288016,0.018301941,-0.023766408,0.11277988,-0.039559294,0.07269923
-0.06320215,0.084501274,-1.906043E-10,0.114707865,-0.005304045,0.0845047,0.028231408,0.09092658,0.06250016,0.03664323,0.0811796,-0.046817526,-0.10882631,5.8664585E-4,-0.011283397,-0.032809712,0.0155210765,-0.027034499,0.06413354,-0.04607695,0.04985352,-0.022911636,-0.018385137
